
1	1	赤肉蒸餃	70
2	1	酸辣湯	30
3	2	花生豆花	35
4	2	芋頭豆花	45
5	2	刨冰	60
6	3	純糖麻糬	40
7	3	純花生湯	40
8	3	紅豆湯系列	40
9	4	蛋黃芋餅	20
10	4	香酥芋丸	15
11	5	新鮮蚵仔煎	60
12	5	新鮮蝦仁煎	60
13	6	麻油雞	170
14	6	麻油豬肝(煮)	100
15	6	麻油豬肝(炒)	150
16	7	青草茶	20
17	7	地骨露	20
18	7	六一散	25
19	8	豬肝湯	50
20	8	豬肚湯	60
21	8	綜合湯	60
22	8	肉粽	50
23	9	月亮蝦餅	60
24	9	金錢蝦餅	60
25	9	杏片蝦餅	60
26	10	魯肉飯	20
27	10	香菇腳筋肉羹湯	40
28	10	五香肉捲	40
29	11	草莓牛奶	40	草莓、鮮奶?
30	11	西瓜牛奶	40	西瓜、鮮奶
31	11	木瓜牛奶	40	木瓜、鮮奶
32	11	香蕉牛奶	40	香蕉、鮮奶
33	11	酪梨布丁牛奶	40	酪梨、統一布丁、鮮奶
34	12	豆漿豆花	35
35	12	仙草茶	30
36	12	鮮奶凍	60
37	12	太祖紅茶	30
38	12	雪花冰	55
39	12	芋頭豆花	45
40	2	雪綿冰	60
41	2	燒仙草	45
42	2	小湯圓豆花	35
43	2	花豆芋頭豆花	55
44	13	蔥餅捲	50	有牛肉、羊肉、豬肉等多種口味
45	13	鐵板麵	60
46	13	蔥抓餅	35
47	13	鐵板飯	60
48	13	培根菜捲	50
49	14	魯肉飯	20	古早美味
50	14	炒米粉	25
51	14	沙拉魚卵	50	土魠魚卵	清爽入口
52	14	鹽酥土魠	60	土魠魚
53	14	土魠魚?	60	土魠魚
54	15	雞皮	30
55	15	大腸頭	80
56	15	雞屁股	20
57	15	東山鴨頭	40
58	16	蕃茄蜜餞糖葫蘆	30
59	16	草莓煉乳杯	50
60	16	草莓糖葫蘆	30
61	16	小梨子糖葫蘆	30
62	17	招牌肉粽	40
63	17	四神湯	40
64	17	招牌割包	40
65	18	美味波士頓派	80
66	18	傳統戚風蛋糕	100
67	18	傳統黑糖蛋糕	70
68	18	訂婚內餅	35	
69	19	花枝意麵	80
70	19	魯肉飯	25
71	19	當歸羊排湯	80
72	19	鱔魚意麵	100
73	19	十全藥燉排骨湯	70
74	19	原汁排骨清湯	60
75	20	碳烤麻糬	30
76	21	蚵仔煎	60
77	21	綜合炒飯	80
78	21	鮑魚海鮮粥	80
79	22	蚵仔煎	50
80	22	豬肝湯	40
81	5	豬肝清湯	40
82	23	椰汁雞肉飯	85
83	23	蝦醬空心菜	50
84	23	泰式涼拌海鮮	90
85	23	打拋豬肉飯	75
86	23	泰式炒河粉	75
87	23	蝦醬炒飯	75
88	24	過魚湯	75
89	24	沙拉魚卵	65
90	25	粉圓冰	30
91	26	紅豆餅	12.5
92	26	奶油餅	12.5
93	28	清燉牛肉麵	110
94	28	當歸羊肉麵線	120
95	28	牛肉湯餃	65
96	27	沙朗牛排單餐	180
97	27	雙連蛋糕	120
98	27	三星蔥蛋捲	50
99	27	去骨雞腿單餐	180
100	29	炸機	50
101	30	炸臭豆腐	40
102	30	麵線羹	60
103	30	麻辣鴨血	60